12975 4529
8839 2934
11238 7141
3399 10662
6010 10870
6972 8367
6084 12610
12287 10613
3241 6989
10536 1492
5635 4624
10073 5608
7746 4401
686 2407
11543 2129
9766 722
6407 11796
7273 11859
2974 1857
11662 11361
5647 3116
7507 2015
8051 2403
1339 770
2012 9342
6034 4120
8260 10486
12606 2201
9251 2322
10300 673
4157 8009
6342 4666
11246 12247
7505 3195
5296 6554
5026 4530
12149 389
11718 5636
6054 9345
9482 2407
12154 2789
10484 10231
1930 769
8497 10100
11871 1772
4602 12825
9548 3861
10433 5167
522 787
7059 2934
1682 3685
2957 3864
1447 5490
2113 4926
12503 10468
11286 12603
3060 9709
12165 6409
11524 3885
8972 8902
12379 537
6630 4521
8067 409
3985 7242
11023 11869
8421 1986
3622 5052
2678 6836
4327 341
8766 6038
7004 9499
6824 1996
5887 4577
12520 12707
10027 6824
6737 11016
3603 190
6221 11065
10939 7826
6356 2300
3786 5087
3280 2066
6472 5618
10947 2212
12514 12664
5218 8922
11794 9116
9711 1977
7746 9519
12450 6355
10274 3183
8426 3635
2056 9337
1729 12466
11942 6571
3874 12161
7111 10441
8597 9234
3209 697
7878 3036
1187 10623
11279 4198
1562 11209
4175 6334
7965 2051
291 204
8147 8484
1253 11136
5690 10208
12640 4883
9676 4224
8134 5187
3028 5175
1403 11472
881 8983
7360 1031
10924 11435
6631 5333
7641 10097
1654 9339
7783 3460
5808 4416
11521 11207
2625 4726
12639 7525
8190 4812
1024 12158
4943 8515
996 9230
1264 6668
2300 4094
142 6709
5654 8553
4691 6029
6482 12287
7702 10850
4601 3684
10309 12413
10453 2713
8802 6393
584 1926
3748 60
11262 1347
4082 6638
98 6507
7364 8447
5316 10657
3871 5993
2460 12112
8925 2023
9924 12905
85 744
5854 5472
1975 1059
6282 11978
3032 2717
8635 1790
10079 5415
12694 3473
807 10241
3200 4674
5283 10335
7834 3421
4695 3673
9836 5707
8809 5739
4815 61
7937 4436
5970 4729
12798 1304
8636 8165
3089 1711
838 12392
8092 4419
8841 5993
10847 2109
2263 2976
11368 1326
11049 10509
5532 12694
4433 1481
7968 12574
12260 1627
3655 4354
12232 2380
10326 4763
12029 2334
5487 2710
5488 6704
10949 5908
10894 11162
10893 11697
1272 7668
8611 1487
11104 10396
10524 6126
10093 9866
2637 5434
9399 3229
11155 8250
1214 8137
2927 2931
11172 10685
3047 2087
8730 5724
5918 893
12558 1597
8627 7735
4645 7256
9262 3475
11458 11448
11386 9348
4533 10113
3510 10407
8947 3345
12401 230
3933 9990
5388 7810
2386 1235
10573 2608
2844 3393
5409 6987
4281 46
11271 5309
2450 7401
6716 12114
11076 11657
11341 8896
9373 7386
5346 100
9170 2071
11394 9893
2821 7539
4471 12309
12740 7175
1455 4580
3558 8957
3698 7772
12396 9626
11741 6813
5683 11942
4408 12296
12557 7127
328 12287
11514 8291
6479 11697
7455 5005
7365 11211
2909 10476
8076 9833
3291 8288
6964 8452
8055 530
9276 6703
12350 823
12191 12367
8897 7949
876 10729
3790 8443
12533 9752
2679 3633
883 11292
7544 10785
7501 9607
10349 6360
6253 1315
12169 3771
147 6170
1539 2606
9165 7744
11097 74
10315 12027
1422 6496
5760 2587
10173 441
7940 10799
8046 3692
9435 1529
2059 4181
9048 9288
5221 8670
7119 1452
6688 188
8124 12148
7461 7703
3840 1766
11917 1043
909 695
5121 546
1927 289
11065 9454
3745 6779
4959 3514
3044 144
515 8117
12422 8478
769 10099
5678 2119
2169 5598
9844 5195
1969 84
8377 7373
2069 8017
6282 3277
955 204
1688 7505
8604 2177
412 10476
4372 3563
549 10582
9423 7043
2204 10169
672 4288
9350 8801
5591 5090
6461 10698
8305 7429
289 5807
10728 6363
2291 9593
2999 6970
8213 11046
942 9204
9451 527
4655 9324
9101 3314
2681 8604
11368 8296
3114 7556
12963 928
2342 9496
9308 12589
33 1729
12331 5818
9092 3318
218 8891
5262 2347
1818 693
10560 2739
12535 12765
7970 2997
7615 8184
6334 6969
9836 10436
11907 8331
8004 1085
3590 10955
5576 12295
4362 5283
3864 7557
8870 11086
2863 518
271 5316
7923 2850
4406 10651
9928 1611
8378 7816
3522 8284
12281 6925
3753 9421
1029 5605
5630 7869
2885 9745
12804 9783
4350 3957
11509 2586
5248 1044
6249 9970
12790 9137
549 10512
10049 12465
4947 10756
3624 5655
6296 4461
2569 9327
11848 3007
9579 7428
10080 11301
9092 10197
6753 2105
379 2707
7806 8986
6814 2665
12057 7725
613 748
10458 10289
2137 6884
8515 6764
767 7117
10868 901
3944 9709
3501 2835
10353 8465
607 676
2551 9968
638 5776
11087 11130
10729 642
12331 7035
9246 1150
5828 7961
6586 6605
11370 8968
696 12013
6675 3533
1552 1056
11229 8619
201 10364
1122 6237
5716 3807
2129 9136
1239 7545
7802 11875
2928 2532
11784 53
12012 320
1248 675
7631 3204
10713 9520
5094 6293
4470 1980
926 12498
4644 1023
12585 4848
11334 3587
891 10323
7656 11125
5343 9872
8404 8664
4184 10261
721 7800
10451 602
4322 3747
6587 2273
2334 2147
3881 2655
11500 10808
10387 2026
3694 6592
6327 1187
9378 8329
10756 5519
1121 7035
4175 11223
11490 5767
10357 5144
8782 4162
7052 10646
10987 1534
7702 4321
9271 8160
2291 1784
8655 11901
8988 3206
745 4781
12349 4694
8826 3045
5066 4609
9597 6452
484 11468
2183 11068
125 8390
9044 10682
2632 3910
9763 2727
4761 1903
10455 1359
5404 3733
5869 8628
6521 5417
171 7968
2218 3260
6662 1086
1127 6989
1681 9666
4501 5053
12276 1212
3779 40
12801 514
1720 8935
7329 8268
3050 8023
7508 5649
9448 12486
10491 4519
7876 130
6593 1082
920 11095
11471 4341
12633 10530
9029 4069
10217 11898
9557 4712
1608 504
7403 1302
6259 9316
3416 12619
5149 2608
5363 6198
716 3086
9052 8480
2125 1400
12350 7194
8661 2827
9726 921
6588 7232
7661 11167
12666 8652
2922 6223
9848 8051
968 1608
9601 1178
10587 10566
5675 1344
4704 5070
11941 4861
11331 2208
12114 3755
10705 1554
377 3588
7469 1419
5073 12083
12692 616
6845 10193
2528 10820
9057 6048
945 6705
6766 10701
4694 11733
1922 5340
11290 6278
11692 5451
10568 11027
11 1373
3345 12426
1186 5588
994 10468
2840 10919
1929 12626
7903 8380
12018 3250
7482 8144
12800 4816
6485 6371
9735 8381
5175 12279
6596 4976
9801 10330
9178 10144
1180 6593
411 2888
9881 1108
4612 6246
4097 9952
11730 12718
2870 2732
6746 10425
942 6197
2809 3445
399 9937
7560 9586
5500 8290
6589 5424
5684 11746
7303 7509
7352 12817
5935 7498
6692 8619
5373 5336
1978 9764
2880 2781
10877 4682
902 2255
9458 6267
10817 11265
4416 12424
9551 2625
12215 2855
9325 8329
8302 9204
2848 10638
4209 4568
4599 2592
3889 5522
4518 7893
3966 7088
2684 4578
6007 9473
6715 6983
1946 11879
8762 512
9523 6796
9406 1302
4543 6048
12094 7887
5916 6598
6574 8384
9731 12216
12328 884
10545 5518
4098 10189
3200 4682
5705 3264
5281 12432
5871 11345
12344 7378
7304 5223
11087 10639
6571 1347
5015 1736
11133 4339
2382 10844
12187 1031
4822 525
8221 2280
12290 4133
6606 3860
4831 4852
11959 3825
5111 3996
9744 4478
5058 4225
5856 12493
3781 9950
202 2213
6365 11222
2497 8856
12750 12502
11922 12606
4129 8334
8444 8886
5667 6472
3101 6240
7892 1215
9083 8816
10948 10235
7793 10551
11362 5512
11140 4398
2239 12958
5307 3523
8329 7156
674 8
10140 6347
10409 6549
8661 6027
747 9724
2846 7849
11632 5990
11900 5510
6561 3851
6516 7854
12469 10879
6108 6456
8703 4372
11764 12175
9790 4302
9191 7441
3373 2001
4409 4263
4347 2938
6025 2573
1578 10339
5275 9052
6812 10482
10547 9554
10362 1072
7140 10692
3078 2897
6833 11741
8423 6692
11687 12936
8101 167
5458 5835
5597 12946
5431 2059
10109 8434
8135 12622
10372 11651
11310 5490
9316 12190
2791 11267
4087 49
7801 11219
4877 9440
228 5732
10172 1925
11100 109
4154 10746
7015 12881
5657 12189
3747 11285
5561 3664
1116 1041
10224 10667
12084 488
10704 1515
7141 1598
7440 3277
8881 9023
860 646
8051 3172
658 408
11725 5713
7529 791
8595 2125
411 7069
4814 9396
12600 8373
7795 10675
11156 10291
6813 6120
316 10907
10022 12502
10390 3777
9570 3367
6062 454
8360 12389
6595 9487
5432 1789
13 7302
6081 12297
6680 7364
10922 12970
9038 11683
2259 10590
6287 10833
8074 7988
8301 6838
12432 3359
11891 12753
9517 9951
7396 11722
11424 273
10044 8113
9798 12726
837 1530
9634 11435
3081 1558
7957 7362
6366 2769
3006 9893
7850 9171
9821 4885
10748 5216
4883 6484
3055 2667
11231 4466
3781 4282
2777 9793
4711 6404
6207 4868
120 3820
5864 9813
3532 5002
9911 10094
6014 1108
12850 11818
5892 9112
3216 12891
10437 6161
11562 6162
9345 6994
8912 8936
2162 1269
2182 8856
12535 1842
11715 11576
1647 2736
5766 2361
11582 10840
2165 7623
962 6104
10301 7521
5687 3339
1354 6681
3904 8064
610 7570
2233 9812
7633 1410
6310 11339
376 6173
6805 8555
10797 5152
3454 1879
5441 5306
5068 928
6938 12556
10141 9959
3209 5748
12876 6592
8939 3179
6731 11538
11746 802
12071 757
12305 11563
8625 4388
4553 3362
10541 9115
8462 7293
6074 4189
10717 8070
4565 3415
4319 1023
11288 2820
4973 10952
404 5819
5669 9867
2760 6317
4322 9878
11669 8396
94 4392
7032 7504
1673 10639
9386 101
9822 8442
9893 3655
9943 1804
8621 7820
11541 165
753 3047
3016 1784
390 8597
6158 6903
8314 8388
4304 8663
2601 9939
2102 8736
11584 3911
9189 1307
7332 12918
9671 9784
8658 9896
1904 1149
5573 6608
8414 5532
8599 5398
5173 3093
6848 4985
8795 11015
11579 8094
6153 3977
3065 11606
6855 2750
10625 255
9363 8716
1058 9603
4763 7378
3908 4708
9798 4698
7112 10771
10984 9829
5638 2252
11961 1396
7674 9067
8225 64
996 2773
1019 4810
4428 6869
582 8104
10580 10020
4019 10242
8056 2654
10534 2224
9656 10499
1931 7566
12512 11267
11478 7663
7235 8796
3190 2909
7831 1971
788 1696
6383 5917
11438 3274
7696 4555
9153 8339
8548 10996
11981 2725
10778 2606
752 7250
237 12069
4949 6100
5155 45
3218 11469
10118 10057
6091 12674
2372 7318
1593 8580
1968 7535
9972 6438
3013 9138
1395 5768
3629 3297
8321 1288
12784 11621
1394 2907
11005 11323
10378 12789
2061 8768
6747 5388
6615 7784
5992 6129
3274 452
11703 4281
11312 608
8088 2111
12777 98
9268 7738
5913 8619
7142 7088
583 4869
4939 10727
8662 6312
4241 976
12112 3565
6125 9393
11807 8139
6963 12934
5389 11917
10050 6236
1046 9163
4576 1145
6161 4756
4530 12863
7714 12783
2025 7803
9225 1776
9772 4742
9599 5133
7589 1698
10083 7107
12324 7601
9385 9245
7176 3260
10199 3013
7712 5023
6042 3656
3398 11106
632 7572
2933 12833
3593 9214
7358 11241
8524 12938
8316 9917
3714 7304
3269 4079
6644 741
9635 4185
8007 12241
10397 6545
8259 7198
6580 12060
1939 2944
6271 1594
8641 7856
6504 2357
11690 2388
2221 12303
517 11512
7697 5736
1190 3733
10330 6319
1649 3997
6881 64
12594 5493
9160 2423
11439 3839
4267 2427
458 12153
6455 11562
12724 183
10512 804
7562 9676
10423 12729
2796 7762
4425 5954
5214 4872
7913 12351
4648 9345
7138 914
7389 1847
1523 12254
2232 6436
1473 4710
12272 10507
3088 9473
10128 2049
6248 7811
10019 927
4217 11316
1308 3635
11122 11506
5791 4795
592 5487
1587 3097
435 9540
5533 7983
10109 2113
6545 10481
8264 740
11943 8722
3136 3043
2654 2446
201 5696
5377 2917
1813 8073
12075 7957
8210 350
8561 6006
980 2954
2553 1638
6855 4172
10771 6808
10450 442
11266 9539
7931 10526
6014 4715
9812 12422
6210 5400
1293 10679
6462 4039
166 7392
9012 1030
1037 4988
13 5806
8450 3542
10976 4987
5042 6647
10439 10727
12871 6909
5775 338
2793 12618
5070 6250
11230 11906
9941 6476
1555 6019
4716 6736
12626 11357
3683 952
6359 5147
11134 4520
11564 12273
8843 11607
2934 2204
129 2723
7478 1768
3716 4860
2126 1089
1373 2816
9510 7689
9179 2641
1881 260
5486 12508
976 9182
11443 12225
1362 4811
10993 6795
12924 3854
10102 1579
8088 9930
11829 6860
10690 11059
5270 6145
5511 9841
6770 2577
5906 7695
8092 9710
8152 12440
10007 10067
8462 3290
5018 4500
9343 738
4806 12802
11244 1571
10159 6672
11972 5475
2453 6747
2147 3735
10444 11312
10739 673
7818 6458
9892 1076
4204 7439
8701 1081
8886 5601
6152 4477
4468 491
4822 10415
1656 1624
3162 4935
2365 12299
6278 5934
10676 5053
7882 6214
10101 1621
632 363
2740 6284
1086 1888
8896 5245
7406 4775
158 12535
4528 2762
9854 7144
839 5303
7874 12509
10661 9140
11381 6898
5399 2431
12385 5142
8633 7067
4486 4540
12480 10570
9580 8102
7571 2340
1300 266
560 3318
165 2338
4017 12900
10325 9533
9356 6933
4424 6082
7212 5792
10662 6117
12288 2383
5104 10323
1253 11252
3285 12180
8806 980
12564 9945
9953 6460
2300 2726
908 11319
12914 7011
9661 2106
8715 436
3147 3978
4537 10508
11063 3671
461 12492
5709 2091
8763 10444
10229 9586
12316 10720
7967 10429
5018 10431
10899 8813
4607 10338
6966 2633
2905 795
2133 2107
9501 7335
3604 4389
11059 11843
11314 8080
10692 6767
2380 1564
5610 10376
1881 11776
2111 1331
12628 460
9829 10750
6266 12767
6193 1157
560 11946
8758 1389
8723 731
12086 1640
9599 9174
4811 9576
11118 4620
12831 7959
26 6211
8315 9567
1018 377
10476 11028
7974 1811
9319 1143
4262 2784
12586 2891
11329 6415
6653 2949
12078 5683
7235 8471
95 8529
4429 10790
4763 4171
5421 8854
10617 5356
1813 4212
11770 5044
11350 10104
2605 4269
8773 10850
257 700
6550 9733
5337 2747
10920 11728
9941 7213
9799 406
7420 1596
1039 11338
12184 10203
6276 12849
7873 5691
4863 10489
1363 8049
6973 6927
10546 11794
11641 4595
10575 5275
632 7430
7106 5948
922 3656
11509 11476
12402 11523
2753 7583
11513 7668
9049 6958
8598 11241
7140 2013
4093 12179
1691 1213
1257 8339
4507 5887
10259 4264
12278 11079
2877 11876
12187 1534
964 12851
9386 3003
8551 12879
1228 9071
6473 7964
10254 4223
1141 8788
9054 2811
7876 9
6601 6831
7471 11923
7328 240
12692 3903
1158 1153
11637 10481
9782 6720
7086 5283
11477 6113
4887 7280
9132 955
9790 2409
10581 8546
5505 4335
11915 661
9555 2792
11318 10524
4880 10481
3278 7401
5796 10037
5748 8748
10361 12130
5862 11265
10298 2112
4606 8648
5231 10633
5613 2376
9805 6638
238 7216
11274 1189
4749 9667
2902 3100
5652 549
1146 9132
4868 11639
4946 4964
8925 4955
836 9372
3624 10821
5276 10728
6988 389
4049 5186
12814 568
4444 6943
2700 9214
10914 4005
808 6917
9929 8105
10004 10616
5847 11022
5323 12872
3223 4711
4898 5796
10784 4090
9775 12222
7548 11045
2543 1276
2227 10518
6669 6249
11752 12806
8134 3265
11572 3469
5864 1621
12956 269
3416 8811
5577 12951
6101 5260
8971 5583
7809 17
7902 11164
9770 2252
10270 3517
3183 7018
3339 12353
12505 10906
9772 2930
6531 3114
11600 1677
11834 327
170 1809
4417 8556
9568 8018
11685 12043
6254 1315
4199 9960
4129 11931
3471 6198
9275 9570
8047 972
8842 8025
7330 3415
3546 2495
6261 9320
689 12363
2964 7657
1446 269
8745 7612
10980 6302
7662 5350
2813 11300
980 3237
8077 512
12547 6791
7980 8983
6699 11288
2756 12629
11655 10221
4815 8419
8569 9057
12191 5179
3123 9476
10194 8968
11445 476
1574 4127
12392 4718
6315 5068
4635 2143
6089 5621
2524 10480
10546 8649
5067 10631
12645 2677
8068 5941
1338 2704
9753 11381
4980 6228
7147 10810
8842 10666
11350 3265
6397 6560
4580 5289
6140 2405
10965 10649
12201 12158
5015 3451
11279 6671
12575 8331
6611 2736
3558 3096
29 11849
7135 2143
1886 3922
4171 11085
7932 3227
185 5102
3499 9543
4147 9369
4226 4470
2527 5710
1231 9479
2073 11458
8330 12007
5604 3260
4513 5203
573 7898
11694 7790
3986 4581
4431 11039
10276 12070
6927 9387
60 12475
1674 5976
626 10062
8408 9914
9474 10810
3159 10934
4205 7481
658 11966
7432 8643
900 9052
5172 9368
9813 934
4847 8282
5455 11108
5215 86
3964 3259
1208 8293
98 10021
1592 1542
12687 4650
2572 1143
2820 12787
5874 3919
692 1439
5113 10837
6439 50
5130 1522
5900 12941
7653 6643
1948 3167
8751 4817
5812 2911
942 6383
1012 8400
11401 10274
7323 9713
6787 4686
8589 7784
1127 12542
6338 12105
11787 1017
6982 7387
1364 11619
6362 11954
2916 8414
5860 1014
387 7856
7247 7111
5668 2696
8958 9634
1973 9044
7525 4619
10084 5750
2502 10325
10663 2948
508 10320
5264 4864
3420 2510
5624 4784
7911 8773
11535 2897
1830 5423
7816 5987
10480 2844
5883 2574
9516 907
3430 465
1388 11355
9651 3688
1741 4358
11660 6442
1681 8751
6880 5828
944 12526
5367 6786
9830 7494
5340 11819
10231 3471
6034 1169
6387 697
437 8254
76 5307
7890 8400
1237 2205
956 9629
3999 10060
12524 7813
8547 2253
5757 4629
10477 9405
8545 7163
11007 57
3767 2802
7158 12682
12949 194
2686 1609
10617 6930
9418 1286
3977 9564
1265 2686
6570 9218
6479 2605
241 6530
12206 9712
7612 6176
9899 8905
9312 4297
2784 8582
10435 4170
5556 8563
10465 10573
8089 12763
7333 10547
11108 1155
208 10563
12494 4854
4293 5721
7106 825
6533 1176
6267 11331
11580 10242
1017 4037
734 9547
153 7157
7729 830
9812 8610
7722 8022
11528 6068
12068 11118
2405 100
5826 5637
6075 12311
10197 3404
4404 7911
2469 125
5494 12541
5460 12599
1933 263
7632 1882
946 842
9951 6303
7929 1413
2600 7264
8172 12110
4362 9907
9984 11804
12536 5838
8605 3544
8181 7940
1649 356
9272 11375
9398 8869
10384 12061
12147 8780
7897 11570
4959 9604
9383 12304
12428 776
1918 3381
9349 7991
12349 8807
6802 6471
2494 8544
1924 6049
10826 12560
770 5661
8707 9212
10144 7938
11321 327
1670 2878
156 589
156 1774
2826 4099
9209 847
9244 3986
1654 2937
5343 10068
2778 5909
12445 10218
5867 4836
10893 386
10296 8413
3335 5642
12880 11323
1631 2753
3354 10554
4930 4424
1502 3900
7286 11958
4709 8667
910 856
119 615
2287 1381
2621 5593
1557 11828
10502 9090
7756 10996
10464 84
11072 7683
3689 10157
5178 5897
298 5470
783 5721
5751 2769
8705 4763
2064 161
10140 12317
6224 4034
10406 11105
3268 11001
11303 206
4296 520
745 2583
9544 11291
6162 12367
12344 4711
3787 7148
9116 8789
8537 8
4224 5723
11175 9656
10492 5653
11698 288
3208 5258
3197 11467
9798 3624
5279 6091
5781 6654
12835 2527
12821 8185
155 812
7698 3898
7196 11125
1679 636
12747 9948
887 6171
1681 7984
7336 9088
7467 4927
2017 3031
2029 6547
1178 5048
7122 1144
6372 2735
2774 10449
6154 1688
12079 2943
12520 10498
3911 10010
2897 11014
10648 10169
7208 5701
4614 5359
9321 2209
1863 6626
11616 6125
3784 11937
11576 6976
9133 8563
3303 5133
12001 10288
11693 6682
12217 10330
4604 3462
9102 4414
1863 7117
4247 6927
12778 5389
9635 2597
7603 3464
1480 233
6008 9857
10816 6735
8585 11686
10419 1558
2086 9875
4792 3722
921 12959
532 9093
10757 60
8262 382
6210 4163
9508 8682
2107 583
1496 5982
5440 11243
2583 7424
8181 2032
4674 10218
5133 5350
335 1914
4931 5082
10496 614
4875 7013
10510 7522
11028 10387
10938 4871
12547 2615
4547 4136
4721 4454
11054 8547
523 2615
8469 5443
5464 5006
5154 8798
6678 9103
1511 1946
4048 8015
8882 1770
748 10853
7178 2236
3501 2002
9909 10445
12966 5200
12291 6831
12603 261
7209 4999
9157 8064
4646 12796
7617 11904
12052 7227
3713 6648
2713 3676
7354 6583
7416 7585
11604 11030
4387 10540
5831 10796
3693 3785
3616 10538
7954 2144
4960 2041
1970 742
221 7621
12324 1367
1517 12383
2277 11820
11441 564
3898 718
4850 6651
11415 3200
8915 9572
5559 6770
2121 6640
3047 678
5459 4166
241 8245
3353 4027
4617 12588
10872 3935
5961 10012
10128 7041
4859 1155
9161 3612
3109 6508
6399 11423
10006 8210
10440 7628
6919 6614
3769 3619
12259 10317
10160 9496
12351 5959
5505 6150
5617 5232
10009 4980
4841 10118
11774 3049
3286 5034
12049 3915
7023 8957
10916 9784
11605 4597
11762 11479
11628 12640
7318 4470
4804 280
8771 666
6746 11607
9182 10537
3649 8375
10944 1005
12653 11875
3457 10386
8217 815
12196 452
10763 11052
8775 7312
6159 8640
2204 9841
428 1726
1513 1739
2690 1849
1845 11963
6245 4738
5893 999
3886 5344
2515 11387
703 10627
3706 7848
9092 11652
6443 2212
5569 1004
2009 837
11163 7258
6074 3552
8574 8733
10969 7675
11836 4618
10066 9543
8153 5922
1053 9958
10745 1415
11129 871
7652 6094
12301 6721
4557 6358
10638 3538
3883 11291
5261 8900
2225 1904
5219 7509
1530 3964
2426 153
11936 2853
10727 2090
8558 2578
6827 9056
597 3124
805 8874
10731 9055
11419 1356
5748 10479
10589 9802
4430 3625
10615 4175
3470 3581
9143 10729
8309 7225
8161 2813
8835 4029
4793 11223
10041 4204
12919 1747
5359 6090
9956 6047
4235 10829
9478 5937
4761 8732
12198 10844
4697 2275
2562 6734
12470 9265
8293 9834
6311 464
8142 4948
1869 12702
2309 12816
691 10245
8349 6085
11536 1508
3867 4622
11314 12297
1253 9588
47 2317
7911 10970
8474 5740
11263 3083
10589 7891
3156 5736
9712 8375
5716 3613
827 569
2181 1676
2936 9350
10269 6705
5719 1692
4458 6196
5668 3933
570 2897
10311 7646
10026 3414
3325 8286
7181 124
7667 1629
12261 9176
11616 8714
1768 3824
10185 10792
12086 5506
800 8474
8359 11635
7751 11831
3379 5987
3106 2720
1402 11879
9659 6851
11941 6720
1045 11462
6874 11050
3106 3387
9134 11745
9634 1774
12135 2831
1030 10557
1139 4083
9770 1076
5918 4733
469 12372
8046 1956
6066 2744
8707 7816
6496 3811
8131 5254
5417 7841
6237 6668
2780 1988
10284 5239
11689 11276
7207 7907
2904 4092
12921 1084
4401 10001
4243 8864
7161 9230
8660 9762
7511 8708
8747 10451
11241 10498
3969 2159
9006 7938
5819 10906
80 9852
7808 6210
9971 3794
805 10391
6948 3481
7261 4360
7165 2425
1015 12777
11499 9639
2896 1490
12908 10567
6931 12862
3187 11357
12884 12067
521 6430
10923 4578
7969 11273
12050 2002
7819 3165
8932 780
2009 4205
11842 11522
7690 196
12938 2323
1246 4641
4308 2797
11967 1739
8206 10280
11778 3325
5851 11573
728 5114
4013 5909
7217 10155
11890 3559
6965 8030
1579 2787
4717 2647
4281 553
2223 12455
10883 6670
11078 7709
7835 2730
8558 9331
7277 1995
7505 2945
6194 8134
2569 180
12721 11012
9484 7972
12392 9150
5455 4086
1229 9030
8797 2366
1795 9435
7151 11842
4222 12163
11544 1046
8305 7702
7623 9008
9000 7735
9472 7942
4427 12565
10670 12636
12489 3311
2076 8659
5490 12080
1013 9428
2532 12844
10741 12329
430 2897
9403 3510
826 11600
8024 11237
3068 945
4032 1174
7122 9890
7784 179
9585 2629
9846 8237
1134 9488
8588 4919
144 6477
3047 6426
2560 421
5356 9485
3919 1548
7770 11798
7153 10626
1058 12793
2256 3507
534 1621
4159 1685
7322 11895
7877 11151
816 8915
401 11519
4008 12836
307 395
9421 3538
812 609
89 2250
4025 6990
10923 8934
6295 11843
28 1818
1376 6121
7207 817
9520 6503
2310 7421
3071 11667
1273 2121
1959 8959
5522 4638
12383 12629
2732 7780
1669 7338
11157 7644
2186 3579
11410 10119
10728 5742
4624 7469
1439 7365
6590 2085
4430 3779
12042 9051
5557 8074
239 10380
9500 6012
1851 4914
9392 3354
613 6953
10626 4003
12350 4984
2982 4168
6415 7599
2597 6741
7648 6540
1804 12666
7816 5656
8871 8828
9464 9752
10213 1403
1112 12883
2363 8061
230 4732
3130 6277
354 10662
8147 10630
5137 9794
7490 11032
3964 11850
11459 2611
3279 8007
650 2346
8267 11480
1394 8380
3083 6434
1084 5061
5390 10236
8431 3628
2298 6162
5532 10317
11122 2415
7663 8044
2351 12432
8565 8337
2008 1326
3979 7008
1178 7482
8748 11437
12626 5998
7176 1943
4076 7279
10553 6404
4374 12745
12456 11394
11303 7487
4126 8616
4040 1056
257 7834
10656 12933
5107 2190
9615 7876
4591 9389
11352 2513
10675 438
4449 11452
4849 7539
5709 5559
367 4720
6515 5290
4051 10440
11573 7573
594 610
11164 2592
2086 2243
11948 4306
1836 12943
4438 10369
6645 1391
5896 4316
5897 8938
1532 11106
1244 2601
5511 9927
6835 10878
201 11440
12796 8889
2391 12036
6739 2886
11699 10831
11060 5999
2443 12258
8844 9175
6530 3624
9925 7824
3695 11275
4967 4687
8417 10310
11470 8355
8649 6522
2638 10644
2902 2115
6900 3340
1493 9213
2223 6279
7124 5171
11449 7816
2906 5747
8623 12903
4055 1060
56 2382
4419 10114
2861 12153
6456 8597
9411 9509
8872 4288
689 97
6321 12343
7021 1644
11808 3052
1412 9481
3713 8491
11556 7257
9799 10776
4655 104
12234 892
7402 10788
82 8371
7967 2808
3318 9832
220 2258
384 4146
11601 6945
4849 8576
3375 2433
6727 9546
7611 8085
526 10856
3760 11536
562 3049
10828 8080
5720 10987
12205 11708
9473 12536
12949 4310
8219 6451
2038 2671
1024 9776
2785 6683
941 1730
4891 9831
10699 8681
12432 220
299 3632
5042 899
11604 5712
7330 5285
10031 2375
2749 7305
12489 4485
8961 3221
2250 7952
2689 1760
3104 2056
4332 5874
7984 12166
3539 8891
11176 1062
3272 6892
3506 6099
2958 12943
232 4355
2906 7520
7980 6964
3966 12363
6083 513
6384 5184
9645 12620
2674 2566
3131 6945
8606 5734
5222 8280
24 8502
11256 11470
8032 7147
9140 7477
5207 8732
9234 6521
2265 9384
8558 12688
76 12095
7609 1008
279 7146
4856 7561
7715 5851
9300 5460
2328 6228
4563 8775
9403 6662
3814 11966
4227 5969
9855 9357
4166 5031
954 6408
1516 12802
3949 5236
395 1264
6205 7545
9366 2870
9140 2436
3979 2046
6493 9662
11068 8524
11530 9244
10138 677
10834 10174
4469 6758
10580 1169
12291 123
9372 10300
3104 5965
8539 5333
5192 7698
10464 3349
7164 6530
10559 8097
524 12700
8028 3488
11359 3469
12911 9796
6052 99
7123 8505
12520 10458
11102 12948
2148 12176
4454 4966
2811 2399
11761 9657
4866 9711
6591 9272
923 3263
5452 640
4991 1955
10398 7801
11344 371
7456 1728
5591 9165
10043 7777
8115 9221
660 7062
5755 8943
1429 12459
990 12217
4571 1333
5171 12277
8240 1623
5029 7261
1368 1198
1309 12419
8431 6291
8637 10755
7645 9066
1274 11829
12048 8039
1728 9836
6532 6812
9801 9594
11903 11067
6922 4018
5569 4588
11171 10004
5701 6645
9810 4895
5013 5422
8613 10961
12161 3618
573 5784
4731 5
5510 1786
6549 9318
743 7484
2066 6173
7762 2375
12225 4122
2104 2497
12734 1599
8501 11458
553 456
10662 4826
122 9930
6376 5979
11403 6738
1451 2746
2787 6336
11384 5526
2962 1078
9059 2964
9253 1865
10533 1511
12548 8446
5006 7931
7530 249
10675 451
11552 6812
8697 12122
10610 10665
2817 9994
4916 4419
7962 5639
611 5973
5704 2552
4698 6946
8073 11831
11972 11674
8797 6851
12327 3013
711 11370
2681 4492
4949 7897
4228 1823
5975 4834
8918 11552
407 11812
728 6821
12884 707
892 6033
11323 3349
659 2352
444 11178
4172 3952
10115 7093
4526 5237
7638 10384
2172 8631
6561 694
11485 5560
4582 1875
691 9460
8778 7310
7010 404
4553 5437
6700 2744
10182 6161
8137 10131
2506 8244
3 8845
9941 10712
12818 2664
2005 4147
12263 9302
3641 227
7753 7407
5260 9839
5207 2774
4674 8713
4856 860
402 5035
4574 4133
9295 5958
8113 3958
11861 1923
11317 8220
12181 3372
6929 12329
9541 3312
9692 6958
1919 639
7022 6933
6824 1958
5508 6780
9437 5934
1558 979
2876 2723
11370 9819
12185 6696
11214 12960
10924 10270
7017 2841
644 12381
8776 5493
10037 8666
5624 11987
435 10786
10335 2084
12751 7903
12091 12086
1883 10237
6074 3142
6321 10201
7762 1398
2573 9631
4673 9811
3676 12580
735 3355
1129 7558
580 12666
7722 4621
8491 5562
3108 5144
823 5943
2484 11965
12276 6838
871 11293
7352 8570
12423 10943
4528 7543
8578 6732
108 1294
11042 1009
5205 11025
11361 5336
837 8951
8464 6359
5454 2634
5203 488
3309 4118
695 999
7057 3952
10844 5376
2112 4435
9789 2074
12388 11159
11147 11231
7894 5891
1335 4554
7478 9183
7054 8555
10889 3788
4288 959
263 8867
11845 1672
2574 5612
8853 1940
7831 3570
4491 10404
1018 9661
6505 1282
11206 1880
1013 543
9595 5139
4164 12891
7794 6264
8922 6196
2895 7038
12429 1631
299 11329
11278 10201
6992 1079
1617 7905
3876 12283
1506 3044
2048 4091
563 9673
8330 8243
3325 2182
9959 582
8159 5438
2531 6150
8249 1130
2849 11703
6132 4179
5036 6652
3436 7191
10927 11967
12174 1973
5149 9710
10619 12932
7491 9707
12566 8337
5910 4150
10815 11124
11067 8358
4958 9629
1703 613
6281 2017
3577 5026
6326 2994
5005 1220
1478 4915
12561 4934
11650 148
6433 2387
12884 11017
12026 6736
4284 3757
8618 1020
2027 2064
1340 3187
1765 2031
7156 10828
1640 10436
4171 10510
499 2557
7364 4590
519 11505
7405 7519
4568 9400
10006 12668
3631 1142
8981 7773
12737 3202
3013 9057
1734 2584
6174 1640
12490 10517
11566 7809
1613 175
4242 2882
7600 6356
4751 12365
6820 5663
8093 10062
7883 6573
3743 3506
8422 8635
8937 10988
12282 9295
8359 10354
12051 12260
5006 6375
3101 7249
8856 324
10189 104
6715 7729
4727 7122
5188 5460
121 8558
3978 10464
8522 12098
2779 10322
10255 12510
2418 11024
357 7407
980 12310
3372 8984
9512 9318
8751 9430
4155 8331
1798 9444
12843 9440
881 5810
3807 3584
1973 12649
9410 9812
2491 11007
12666 6097
6367 6090
235 5585
4933 4245
4879 8737
11585 10280
1294 3295
2869 10407
10003 10831
4136 11677
9620 4673
12021 4703
8490 9283
12363 1886
866 6389
1287 7265
6889 7584
12021 9491
6255 7708
4413 8586
6968 4756
4669 11293
5554 8955
3218 1522
8433 8415
5593 1230
6737 8076
11238 10473
3896 6101
8741 3616
9540 8838
8797 7566
4672 8104
7650 1231
6983 12328
6569 519
3371 4952
12531 9910
3492 11494
9217 4876
5965 9500
2412 7559
12110 9467
10826 7251
4508 4769
10429 7293
10321 5467
11738 5863
3859 7430
6856 8019
12200 8369
10370 10425
6629 10434
6117 3427
12127 9499
6582 6502
11765 2196
1818 8704
4463 2225
12962 9719
7060 1616
3912 11539
12231 5654
3098 7486
10073 3524
3313 4844
12171 4101
9298 5052
11570 4452
2992 8596
11092 8793
5690 6308
11068 5421
5792 6609
1445 2758
526 4932
4124 9440
8851 1542
9288 11320
1132 8505
5061 2546
3131 12473
10904 1692
9794 11525
11167 3688
7352 6280
1964 4122
4650 12381
3859 10881
1051 4016
1229 12930
328 6322
3184 2021
1848 4999
4269 11935
7648 9412
11146 9732
11757 2495
303 10080
9273 4700
12381 7346
11102 9846
1355 386
7545 9693
7585 9876
12216 8071
12687 5098
1650 9326
10474 4686
10024 1099
10903 7714
6450 7894
3246 8779
2146 879
447 7219
3101 4750
2444 4528
3547 4444
9887 2493
8339 10448
784 1889
11737 6693
8162 3772
814 4299
2117 2956
6937 8445
4819 4252
8516 1472
9122 12380
2093 11333
5628 6564
502 3271
5269 8903
10234 1797
4760 10300
7636 1086
12484 10061
3474 449
12049 9712
5734 1002
6148 10947
7814 2260
6291 2689
11174 8224
10309 8953
10080 3261
2105 5528
10560 8625
9583 6174
925 9138
7735 3337
2453 10074
10926 9156
7913 9690
10406 7815
12883 5709
2992 12226
1525 5396
10090 1298
3059 4295
11507 12748
11552 2906
332 10740
7155 11700
4070 7286
6505 19
11478 5208
7721 7264
5677 2171
1063 309
8722 12714
9737 1255
11621 7704
8604 7731
8124 889
10367 567
5820 6857
7976 7144
7227 11875
3187 11508
5234 11664
12646 9667
9256 3346
8694 10694
11958 9309
10882 11499
10896 12733
590 829
9667 6991
4216 9596
200 455
907 9257
12438 11461
1445 3220
7638 12606
7932 3979
902 1205
11982 2513
4891 3844
688 11161
10699 3808
6887 9639
11678 11577
4173 7049
5488 12189
1471 8376
8189 7313
6665 5823
10393 607
11701 6494
9775 2795
9263 7950
3440 4033
10067 10400
76 7138
9910 5225
10100 12719
2572 1286
7705 5713
442 4208
8623 9917
7174 7923
9156 659
4287 2735
8557 9219
4328 32
8645 3378
3305 4212
11223 1066
684 11348
8130 11139
12759 1357
2289 8485
11425 8622
1720 10232
9392 3647
5393 6879
5373 6938
10921 7804
332 1942
10744 8722
10675 7408
2721 11000
739 18
2294 5701
4706 2746
10531 603
3735 4673
1492 9395
6114 6081
495 5003
12774 5195
8282 1958
1214 3030
7159 9156
3896 9982
11543 2407
5439 346
10126 10489
1430 12412
6795 5635
3362 1958
2194 754
11878 9950
3023 10581
3937 7995
9000 2283
2112 8624
1436 4697
12313 3109
10324 610
7438 10020
6457 4124
650 8449
12943 4005
3667 11587
10172 11569
1829 11561
10411 10796
2344 12259
6803 11586
7942 11064
4569 9740
7885 6699
1466 9647
4335 8603
7053 10272
12113 9808
2965 8976
12094 11402
10330 10926
10557 6507
6198 10728
1191 8136
203 3394
8830 724
5569 10113
6352 8273
4287 3531
10583 4035
11039 11393
3012 7061
11415 3918
11097 476
10219 584
6375 2232
11538 4323
10154 4822
11191 3387
10131 7326
3076 12165
1502 9156
1753 5711
3158 960
9220 3355
6691 10039
930 10325
7198 1229
11788 3227
7577 12674
672 11864
3852 2143
5247 10024
5340 5235
5017 2234
2167 7792
5015 12686
6993 8256
8944 3404
412 12499
966 9093
5265 239
3699 584
12724 1630
8223 12743
10712 9622
1393 8532
9385 5664
726 8171
6866 1305
7301 9755
6888 3320
8730 11664
5601 11511
1247 4495
2080 2877
8542 10828
11418 5298
8364 2707
12933 934
12112 987
5955 10299
953 12928
10061 5859
267 1916
8137 11185
3312 2407
9578 5165
389 3262
11598 3928
7800 2202
4916 2213
752 4765
8842 10473
5794 5478
12293 3252
35 727
12108 5523
12345 10268
1752 6672
12249 880
10466 12785
1502 5377
2371 11441
7271 1210
7711 128
7740 9099
9164 3950
670 8822
212 4147
6843 11699
4849 9732
8559 4014
6448 7750
9358 479
4879 3201
12768 5212
7512 7450
7417 12076
11349 4803
1409 4051
11257 5065
10041 1612
2974 8138
11618 3427
8260 3135
8085 1425
11658 5633
1447 7565
8653 9269
2028 797
9800 11421
9619 2894
11016 3490
2609 572
6035 6498
4107 2942
12938 6906
10723 568
896 2535
6593 7516
7079 11635
9246 11485
11910 5370
5600 12664
6115 6224
4007 2668
3016 1742
3277 2572
10002 9844
10158 2846
6508 561
11370 2186
6740 9817
8403 1386
4560 7196
8932 8776
11447 9643
4922 7551
6692 11165
7210 9299
943 867
369 11456
12047 2748
12599 12091
3739 10042
11354 2544
8394 5061
4057 10063
9066 150
4314 8025
4228 5497
10985 11724
6551 8712
3593 1216
6207 12039
8722 10814
3146 4536
11187 9631
4600 4524
1270 6903
1458 8382
12800 1869
10899 8443
7875 1054
12611 6684
5714 11879
8237 9192
10494 6129
6344 404
11747 9884
9177 125
1097 8389
2285 6907
3401 11486
6518 10815
8006 10775
8972 4318
11027 8504
5879 1298
9101 1695
11393 8569
2311 10516
11997 6187
11048 7270
4923 1367
5698 911
556 389
10954 2538
5771 5293
180 3828
12615 4158
7001 10062
9293 8911
5961 1943
1851 10362
11738 7457
7843 5160
11455 6741
7867 4198
6891 7684
6039 523
12750 4689
4097 2166
3299 10241
1172 9142
6932 10480
6887 2766
5132 6472
918 11017
6590 10080
7460 3172
8899 6268
3324 11383
6664 1148
11366 2889
12424 1081
2825 3054
8799 8767
165 8918
12487 9982
8960 7829
9296 8448
11206 6705
11903 11411
11244 3304
11679 291
7672 865
2729 2453
4740 6611
11451 10987
6905 1818
10086 2403
6169 682
7544 11971
5101 7563
8702 1478
281 3398
12969 12454
9080 7908
6303 5755
9174 9991
5292 9233
6255 2692
3994 7977
9217 8541
7182 1309
338 5807
11732 4706
5125 383
9682 3894
12013 8198
3335 7250
3072 8194
2310 12690
6837 8048
5333 5055
6412 1975
1622 6430
12117 11609
11202 7641
12624 11734
2073 7324
3004 987
136 2974
12221 5709
6700 9008
3925 1175
10696 6850
12418 2941
12930 8479
4266 10782
8379 1144
1774 8681
4892 8387
11092 6127
2895 274
4641 9413
1612 3814
1403 5900
2329 12167
12931 9780
4559 6791
2398 221
7036 7169
7553 11930
7651 8193
598 11497
1492 9426
11719 4012
1181 2708
6082 9174
5611 4951
3806 9309
1580 6957
10508 6344
9249 1037
6453 2641
2988 4472
5100 1866
2059 9086
6785 10188
4996 6558
5586 4283
7340 941
8278 6116
6437 984
1423 4675
1188 2449
5016 4720
9797 2838
205 3624
12498 2019
6856 7854
4457 11775
10603 5500
8910 10914
3280 10710
3022 4627
2344 5821
8627 2101
705 5763
9447 799
8857 4147
4113 1111
10609 2074
9530 533
12779 548
11980 8043
4564 4579
54 4614
9832 10067
2297 10656
6416 4108
7100 1736
12782 2331
8809 10446
4816 2967
8763 6932
1995 8763
8891 5976
9720 6892
6519 10602
10737 3418
3545 7341
12863 4172
1184 4016
9515 3141
2209 12950
2819 10706
5094 5812
209 5477
1913 12732
11829 6515
4429 12182
10782 8543
12331 7818
8194 12121
12107 8300
1943 8173
741 8056
10595 5339
6202 49
6242 4939
319 7851
9441 4692
201 12389
1207 10954
7536 10645
12106 1584
11837 4602
2553 1678
12859 5800
11609 8719
1335 4653
9361 9647
6177 4597
10106 10705
6303 328
3668 8638
7518 10447
2011 3886
2723 11224
2178 5499
9590 12479
11584 11184
9378 2483
10111 4440
6703 2457
3355 9620
8981 6714
7420 3065
7358 9914
6141 1398
617 8332
8823 3643
9252 3996
6216 11454
2804 3192
1075 3679
10245 4687
9172 9782
8427 10973
11490 4567
9885 9891
1718 3026
7149 1254
8349 12696
7587 9279
569 4716
11889 5282
8131 650
5277 4843
5568 5918
12343 6364
10628 1718
9550 10514
7055 6450
4971 2829
6848 6414
882 3755
316 9996
11163 8878
8937 3266
11094 5635
8334 9038
9952 9746
5618 3319
2129 3738
1085 1980
1221 10683
11127 87
11108 10596
7938 5685
3655 1496
10406 724
6341 5023
4285 9440
1870 3437
11427 4694
12585 12
11930 10923
10249 9105
4278 5194
10288 1652
8073 3345
8373 5812
12730 12794
9068 7949
11257 6180
11074 567
1127 1628
6041 1174
669 5382
10875 9061
987 8365
2731 11172
7210 3385
611 7982
11987 4702
11101 10963
9186 3430
3709 10942
6658 5835
3089 5123
10290 12284
2596 10563
2436 3137
956 11340
7910 12541
11016 4226
5965 6341
1657 6767
2824 5524
9946 2268
4335 10627
5 7670
11793 2911
10038 3266
43 5944
1377 11817
6578 9662
2308 2352
1385 7661
1516 12760
12103 12365
5797 8339
2247 8387
8896 1865
6492 1537
2404 8676
4717 4335
6916 2689
7569 460
11523 8597
2513 12143
7269 7198
7968 6825
7402 382
4471 7462
7904 1184
8576 5662
1587 4624
7737 843
73 7518
12422 2498
2870 12434
1584 10128
2896 5076
1844 4049
3519 12670
5237 9487
5469 824
8438 43
8742 12431
11105 9291
9856 2589
4051 6557
12481 1136
460 8980
8858 12532
7474 10489
7056 3045
10358 4645
9534 5330
10653 4279
9603 511
2626 6140
1320 12144
4098 10456
10057 5739
11455 6108
605 958
6682 10079
10532 2286
9923 7534
2027 12481
9844 3235
4415 4966
6007 6743
6704 5306
2824 6859
7125 3792
10442 5046
1163 426
2427 10611
5026 10605
2575 7524
12199 9423
1182 5433
11830 12875
1735 3724
7705 1431
9195 7390
349 3257
5908 9590
10408 12920
10776 6854
9675 9222
5385 4021
1889 11328
8634 11649
10831 3458
2766 8087
6935 8144
9568 9916
11332 4264
7373 11120
9522 9267
936 2930
7385 5873
3695 7337
8836 10267
2086 9530
12922 2205
2162 6458
5679 1810
12320 10245
5901 8611
7519 12621
7517 784
12290 12899
8612 8221
9365 568
2618 9225
3686 8155
11614 8860
11556 4933
2635 10358
4722 12403
9948 11049
9181 7635
1110 10695
12175 7828
11187 10861
1846 9417
5987 10393
4250 1160
678 3167
5027 1500
3213 8956
11160 12940
795 7253
3647 8931
3446 5577
6826 11345
6081 12399
1628 7882
8626 3629
2817 2126
10853 5140
6861 746
2178 1666
11458 12116
10107 4364
1089 8792
5087 68
6038 10467
1115 905
7495 7625
12819 8900
12320 12747
2591 4695
10370 8163
11575 5821
3057 2292
2126 7178
11528 2061
9045 2431
11405 12584
6259 7947
9564 7624
9092 10534
10661 5636
6637 11499
7228 10235
30 6147
292 6171
10116 1499
357 4659
12784 7599
8129 5456
7660 9139
1036 10631
10261 2506
3014 12496
705 12030
3513 7586
2337 9657
12793 11331
8748 1539
4555 8143
12605 4290
11345 1013
8291 11046
12073 9516
10324 7733
6489 3227
7452 12709
5684 231
12218 11176
1015 7266
2063 7816
4365 1000
1785 8048
6340 5056
4900 5586
2943 1459
3077 133
10054 10517
12728 6321
995 7258
11684 172
3437 7959
1002 10033
5354 4097
1603 11042
12005 5229
1190 1422
9953 10068
11208 8562
9177 7065
11279 53
9653 9941
7983 2911
6358 6400
3627 782
473 6174
9436 12774
547 2429
4637 9628
11604 8233
8205 6022
5133 2747
12777 10178
1865 10401
7289 11587
7829 2779
11777 7719
1633 4435
453 869
10228 1427
1982 3831
9517 1593
12341 9700
2861 6180
6955 12210
11262 1915
9567 234
10277 9595
2829 3393
2711 11782
7383 3688
12770 4096
1381 9059
8750 5660
8889 216
5160 7881
8831 2142
9375 11256
747 6782
11265 4664
4364 8667
11128 4641
9125 8613
6892 5358
8831 3405
6749 945
9622 11018
1082 1536
11396 10962
3180 12972
7211 3783
6151 10322
419 8452
4584 1273
10616 409
5172 7069
2014 6292
7474 916
6970 10941
6285 2202
7215 7630
2319 11315
6536 9560
5827 4601
8786 953
2294 987
2260 1854
10093 7919
10409 2930
1292 12894
10054 2611
10044 9232
6382 3243
12539 2073
6218 11794
4377 9994
6260 3544
5863 4662
9827 6241
12347 8081
9055 3305
8632 8254
5380 5291
9673 6550
11291 6386
8080 12132
1090 4879
10142 5490
4181 9679
6366 9953
11075 846
6007 4033
8708 9003
6664 10373
7076 3535
12387 11373
7753 7992
2641 3358
4121 2009
10028 5394
12804 5568
4886 3113
11060 10200
11415 9521
3445 10281
4441 10849
7382 9989
2329 9192
9881 5091
9518 12164
9777 9911
2226 4286
781 10920
3835 2561
7375 6534
891 11158
7285 8982
4932 6784
10530 4884
3710 11478
10657 6211
12258 9000
4153 11805
7623 12252
6946 6701
7392 5289
609 433
10626 10362
12585 7561
12136 6113
382 2839
9438 1238
9320 11823
7851 8972
4320 7198
11643 5964
3780 4915
4879 6064
5109 7682
3476 11399
2713 3545
1296 1761
12395 53
9805 14
2712 1625
12501 4698
10868 9713
3360 10158
6537 7023
4546 263
11646 940
11120 6499
7954 7989
8180 4447
7929 2617
8616 1553
7946 11634
10062 5202
5039 7256
10363 6040
8067 11218
1156 9425
2622 10671
2887 4784
4684 1020
5663 11077
9164 5406
5068 4995
10982 8122
714 3886
987 6516
6252 5648
7694 3999
7388 6821
4750 11278
6797 10830
6457 5877
8065 426
12305 12922
7380 2150
10801 7541
10763 3352
6735 713
12722 1323
409 2903
3164 3522
3310 4006
10252 4699
9533 4246
4740 9054
3005 6345
930 1823
10791 7684
1929 4250
6644 11308
9290 5748
9102 277
779 8094
6091 5774
3145 6919
7345 1138
582 8942
3756 7706
2807 12375
2294 9370
1248 12741
1313 5
7192 1252
11368 772
6623 2308
4026 9969
4376 7340
6076 9911
7706 7718
5942 6120
5356 9149
4393 11704
5897 1208
8343 7874
5990 10455
3611 6838
5002 4792
10388 8785
3925 6487
12339 6088
641 12479
11295 3368
11484 1737
3603 717
8777 3969
5228 3645
10996 7849
4048 8240
531 12241
9857 4084
11597 233
3447 9795
4684 11375
1707 12941
10772 12265
12878 12519
232 4782
5491 7276
699 12463
10154 5413
10021 4973
1960 4104
4680 10924
4348 4375
12885 4046
12198 3396
774 7418
3399 144
9630 5493
9632 4555
4742 8561
11891 5933
2410 7421
12017 1934
10292 11908
11918 11481
8644 5292
4270 7024
3510 7202
3451 4833
9155 3186
2127 5546
4572 8596
2276 10359
7090 4685
5485 7986
5393 9748
6642 7043
5382 5737
2829 2704
497 11520
970 9689
9760 3221
7055 1819
2985 5454
9842 11357
5651 1906
281 10854
6089 7810
5374 5861
8542 11464
11238 544
8661 3779
7715 2043
1856 7739
7670 8216
7462 6670
12283 11863
4063 9106
3959 4283
7756 2444
8740 5731
9672 3471
11743 10628
11824 6265
9111 1370
742 8975
11017 11818
3844 1444
4436 3460
12961 5913
11945 11890
6568 9508
6086 9556
12685 1862
1715 216
9693 6696
11145 1942
1708 12713
10824 8739
3662 2705
785 11173
6750 12029
1725 8800
6465 10967
11065 8742
4851 5165
5180 5175
10294 1323
9486 2
3341 12757
1909 6015
6447 4405
253 11814
8214 6955
8069 871
12310 2951
8790 38
7612 4915
7904 10718
8829 12788
148 12226
7402 12955
3646 4601
11882 4032
5062 12839
7046 4910
3336 2498
4262 10523
6423 1574
5746 12231
8555 11836
7194 5196
10973 12329
11196 3119
3190 9448
1120 3620
1753 824
4041 11782
10097 2506
688 11482
7863 11869
5792 9540
426 5083
7157 4369
7573 11309
406 8927
7726 9543
2514 10821
3427 12426
11058 7788
10648 9309
1481 11382
294 10090
5328 7829
6481 9858
11601 1247
5364 6374
6980 8830
1846 7412
9780 12585
1192 10578
8104 9145
9925 4173
4221 9873
9024 11521
4341 4957
7409 749
11146 3182
4156 6073
10895 6016
9698 1227
11231 200
9341 9398
970 6307
11276 6021
2968 12076
2404 8583
4309 180
12598 11454
4720 3582
10963 7128
12193 11060
2492 12947
9942 9608
7880 1844
12552 11568
242 9591
8967 8615
8508 129
9961 12018
2523 6570
8636 8507
9767 9424
12147 7501
4176 7472
5973 7421
8260 4794
6930 1779
8386 1527
4803 7734
6570 9928
2890 9340
253 8417
1219 1295
7470 8716
9817 7281
3257 5992
10835 10959
1417 2296
7955 12070
202 9640
7775 5661
10144 1399
10250 10297
3695 8874
2665 5687
6006 688
4208 2428
7359 11193
7869 4437
9115 5988
4730 8686
335 10391
4630 7869
7430 2676
2442 3127
6410 8455
9430 1223
12975 10769
2358 4495
211 1571
6566 4375
3080 10299
9740 2245
1277 271
8104 106
3404 7151
7334 12708
1180 910
9840 5353
8844 6586
3299 12656
3539 5314
4449 5332
2867 8725
2699 12293
4351 11187
2976 1761
7005 7909
4337 8747
2915 6850
1382 10328
11315 9265
9723 7315
9820 5737
6764 5974
4824 4911
3761 9310
8977 12613
7595 8533
3694 345
3137 9706
8541 12534
2440 9963
2725 2991
1942 6419
9908 7813
9829 2526
238 3345
11570 5762
158 1559
11445 4752
6397 4689
1436 7802
5941 6583
6963 2492
12478 7053
6347 6803
433 10528
10783 5884
7987 2216
8973 3170
95 4713
10545 5854
12589 1916
7293 10889
7093 2520
5340 8590
774 8449
9582 5931
6525 11903
4104 5804
10222 3177
973 11131
5952 243
4744 2174
8219 5386
4251 8704
8600 3855
7321 6486
7066 442
9592 11540
5277 4106
11816 10019
10513 11762
4314 4994
7839 12901
7251 5559
9894 8456
10326 3266
9699 9556
6900 3061
9037 743
8879 5915
11702 9436
8269 5982
8852 3264
7245 9543
7606 6726
7729 10016
3903 11492
5217 10388
11227 2970
1192 3299
10942 10846
4984 1874
1044 4496
2255 3031
8993 12095
1320 5453
5327 12928
12135 4552
2400 9343
8 3923
5608 6944
8199 11499
5435 435
8375 10485
11333 257
8655 11745
5237 11798
5356 11715
11130 10818
12443 8954
2819 9758
6127 1534
9753 1223
3180 3859
5390 4812
7350 6067
7188 6067
10475 1907
3690 7343
2220 1013
4547 9799
1908 3636
11198 1851
2018 5027
6888 3070
8026 10348
11837 6043
9953 8429
2745 5961
770 5834
7699 5943
10634 3392
5486 5176
8907 5756
9826 1427
8414 6064
173 3570
11469 4563
9875 4356
6679 11302
5847 11301
11773 10017
3182 8917
2777 8924
6969 7213
5863 946
8189 12528
12235 4471
2410 5627
7023 7666
11724 9646
1784 9670
8763 4602
12899 2753
1344 6877
9072 1974
4542 2855
1463 10938
12137 3399
1731 6637
7864 6155
455 2142
12101 5728
11260 6151
4054 11189
10171 7064
7654 8569
5950 9970
1601 12202
4529 12928
8005 3639
1315 6918
11301 1375
2914 1291
2405 4834
9949 11204
9637 7316
268 6641
3293 7063
5037 2942
10042 10903
2087 7377
835 9636
72 11477
9905 10139
6230 811
1058 7141
5004 11628
5904 9061
3425 2337
1198 12892
10443 2013
8356 12528
12927 10530
6496 2137
2489 6072
1239 1022
6830 7762
7106 4898
3114 2765
10160 3840
366 2685
6994 12459
10378 2153
6589 2616
1778 7499
3099 4387
1721 5867
7756 8377
6610 8113
2089 12468
11371 10339
11367 12559
11875 7439
998 12697
11426 7121
5117 10284
12399 4537
376 4516
9132 210
6438 6475
8590 8670
1726 12193
10129 3282
10753 6128
3532 6351
3728 7615
5156 3129
2722 1599
7819 6779
912 12021
8423 6563
5208 3480
10673 8119
8402 3214
2475 8718
9786 9231
667 5726
1842 11311
8811 2601
11471 11809
170 44
8818 5111
5356 1510
2215 11101
3392 10986
4848 11243
7745 9524
4816 12971
5629 9690
9489 5800
8746 2317
1898 466
7032 12802
2895 12238
1515 2471
3084 4341
1259 912
4351 8784
9715 1705
9960 156
4804 7216
1517 2113
5298 11141
7906 6930
2398 12830
10751 9973
9802 618
4995 7605
4777 7103
10328 11216
5236 4285
1902 721
11654 147
3348 1319
4456 397
235 12209
1293 10214
6617 12960
11519 8083
576 11981
12301 107
1138 6670
9469 5452
2731 4435
11137 11381
6376 9049
1675 8595
10516 8072
10575 242
9586 1596
2099 12730
9485 9265
7587 1420
2903 10989
11325 10060
4389 1206
10976 9815
5441 2078
6352 10960
826 5217
4189 8234
1662 12022
1418 2359
117 18
837 6989
3415 6528
10250 8382
6196 7787
4323 3319
3584 3177
7241 7872
9921 3674
9800 494
8502 6306
6442 5248
2455 4732
21 11304
9482 5911
6622 7874
8390 10275
9876 5759
11627 11711
11005 8981
1435 2282
8575 9994
1581 571
7781 10767
12866 7374
11266 456
880 12692
5598 6597
9112 11062
3944 11805
3661 7549
4241 5952
3017 11325
2080 11023
4206 3280
1186 866
1921 3746
4336 1721
1725 2731
8734 1791
3827 11023
5697 2597
12379 5880
604 12398
12893 12073
1060 4140
2407 6542
5178 7752
10273 11698
55 1728
4519 2605
2120 9910
8560 11675
3751 9850
2946 12723
4267 6456
4102 6082
393 4223
708 3448
11416 2787
1889 8663
3434 5461
5008 1303
5975 2955
7578 4121
7077 8340
2675 8586
4282 9895
10158 9364
1321 5562
12101 8996
12831 4748
10983 5255
11423 6463
12017 4345
5716 11610
6710 10454
11851 12948
3989 10975
10624 4498
7915 11156
2795 3914
3586 9704
1131 9336
5056 3717
5260 4253
5770 10946
5644 1392
6025 6897
12740 10764
5685 58
9708 7716
9732 3804
11103 12119
2391 10066
8750 12600
3626 3689
9010 7202
3012 4413
4189 3555
9552 12838
12772 11344
12090 3433
8880 12681
2410 365
3132 259
6534 2686
4366 8204
7477 8896
8846 1539
10000 6967
835 11951
12280 6617
11861 12382
5326 4822
5089 11188
350 11494
3420 6658
452 636
7087 8564
1822 4662
5088 8577
979 8320
886 601
5250 9765
4718 4997
3377 4190
5287 10509
6200 11817
11724 2607
3680 7119
3802 8631
111 615
6043 12573
12776 356
1721 4950
4372 3234
8082 7836
1880 58
8185 4644
6301 11971
1123 10498
7 12774
12466 8480
12522 6379
1100 5534
6383 654
8512 7533
107 8657
4628 6076
10650 8300
10541 1568
3119 12576
12520 4450
1361 5325
8939 6866
10096 8944
6482 780
9176 12868
4351 4047
4187 12709
3333 12528
436 2588
5636 1155
209 6287
11369 12253
8042 4931
2714 8545
2643 2764
6169 2266
6949 10703
3210 589
10643 523
1903 10966
12310 599
3575 9264
1610 3108
4279 11500
9036 10184
8753 9447
6072 3288
4668 10101
7059 11331
230 10417
7326 5386
7747 6389
3739 5851
3143 10679
4016 2282
10532 7273
10105 12194
6174 3124
11228 3694
11188 4576
1610 8375
2373 329
11281 8487
7316 5095
249 6699
11116 8380
6239 1493
9759 4515
7150 1718
5505 12457
11778 5917
4152 12407
5445 10150
8374 835
8722 10157